45858
119950
135889
144590
147035
263577
310837
320169
335625
467575
471112
472958
482681
485097
514075
564728
584390
694501
757092
785708
809239
813164
817309
853717
908431
937482
938294
942288
966014
976857
997412
1003588
1075059
1219247
1232604
1232606
1266550
1279326
1307036
1357737
1382928
1396657
1453602
1463935
1471476
1509677
1527027
1539417
1560950
1572616
1655575
1675256
1676428
1678486
1724317
1754014
1790524
1833259
1855904
1860019
2024596
2085533
2176936
2199432
2238080
2241818
2273544
2276632
2300883
2378390
2511144
2533900
2534123
2580780
2629178
2696534
2750398
2813453
2829818
2845056
2845090
2885524
2911625
2932364
3096929
3111005
3120680
3130236
3170838
3237401
3389443
3577124
3796412
3810550
3818316
3828948
3836518
3925782
3969500
4029144
4055361
4140171
4140362
4230425
4411705
4466560
4469322
4507353
4554266
4603370
4604950
4957191
5036354
5091274
5099525
5212862
5274126
5357602
5387970
5412947
5558839
5572491
5633949
5821776
5830964
5879848
5905394
5936215
5956791
6018504
6034097
6062855
6155991
6162944
6279681
6280441
6324079
6335194
6454949
6476684
6504621
6507229
6525908
6577448
6687510
6749434
6884388
6942318
6950113
7022251
7048610
7086004
7138306
7167353
7209128
7283633
7319952
7496922
7760361
7958442
7988053
8150858
8162648
8181583
8183705
8311429
8415737
8440212
8531379
8534945
8535226
8589119
8596479
8639701
8752342
8819877
8921851
8941884
9029287
9036432
9042237
9108684
9170341
9188019
9219246
9308124
9363598
9409803
9481857
9953380
10038190
10135243
10288358
10340775
10466631
10477400
10514608
10720436
10726838
10750883
10771677
10838153
10896933
10925794
11119054
11155435
11193789
11308359
11403872
11573111
11707022
11841738
11909454
11950629
12074352
12087484
12165287
12170826
12242855
12307740
12597919
12681788
12714562
12822173
12862050
12916207
12959590
13032698
13049058
13170318
13189256
13194367
13360256
13423800
13575711
13752782
13807402
13921429
14028037
14142879
14164546
14165657
14274659
14336331
14356801
14551642
14716927
14758998
15026232
15061420
15112578
15166179
15231193
15465748
15553797
15581950
15603537
15688623
15751709
15874836
16006784
16117032
16122056
16122257
16258770
16374435
16390534
16409906
17046530
17177114
17219459
17224730
17309326
17395218
17436260
17483983
17525551
17596201
17835777
17846818
18006885
18139382
18201681
18221171
18319953
18437199
18490575
18531935
18638816
18743363
19244687
19457294
19500130
19501020
19513854
19538259
19682629
19716858
19952132
20007081
20031145
20215887
20225204
20375076
20407511
20487533
20772089
21002284
21204694
22027488
22052542
22476897
22592474
22803594
22837370
22900127
22903021
23016215
23378778
23695563
23762500
23889524
23898032
24141017
24232950
24273281
24338470
24490288
24876399
25299164
25557077
25673081
25754790
26020359
26493166
26715758
26870651
26904200
26958102
26994784
27008111
27500187
27726182
27727686
27745710
28195531
28438376
28904939
29079945
29118120
29789010
29871582
30359112
30516124
30570826
30791152
30832641
31355876
31523407
31613927
32326137
32344070
32459204
33192787
33607519
33934680
34120879
34541944
34762223
35026013
35246919
35577113
36506938
36567503
36635895
37098939
37262460
37883030
38043626
38065916
38288020
38311359
38546560
38827707
39514334
39928608
40045973
40451807
40472542
40556168
42162710
42290366
42393329
42954970
43006897
43132650
43264153
43374988
43599221
44382753
44892247
45145695
45219854
45303951
46169661
46973349
47694302
49086944
49241849
49640612
49660871
49673250
49771667
50086543
50103343
50396247
50430838
50703006
50850973
50919997
50976698
51270698
51700796
51824100
52527568
52645435
52721420
52735442
52755527
53265286
54054911
54248807
54479299
54878292
55565092
55599085
55643438
55951886
56847145
56903990
57118972
57194546
57394751
57470822
57479389
57521525
58250927
58275442
58349700
58442073
58585318
58612099
58948120
59014407
59313568
59661273
59704424
59935206
60126602
60654405
60695806
61130842
61533235
61657203
61891760
62064630
62083000
62341874
62574874
63320562
64125342
64633517
65072164
66075119
66214635
66403551
66800885
67465033
67871605
69167699
69396876
69466589
69647757
69746584
70281927
70597434
71009308
71191578
71284950
72233846
72731149
73411983
73422763
73506708
73713964
74960544
75524338
75703855
76887737
77317857
77942882
78105735
78531000
78543269
78905831
80352395
80727882
80815666
81354119
81508782
82475086
83109920
83552706
84482380
85138287
85339895
85758055
85758618
85879369
86338877
87380354
87907451
88201872
88363390
88657460
88888950
89371815
89575056
89653996
90117769
90166902
90594421
90634038
91210577
91474642
92026644
92821622
93068045
93298530
93562139
94159928
94224538
94473765
94596509
95957351
96077642
96137936
96321071
96566831
96783252
96982509
98015660
98557142
99289162
99543481
100055272
100517224
100556712
100770661
100833925
100881027
100905869
101053608
102131053
102149292
102172400
102177162
102274534
102547511
102578117
102714294
102760369
103475816
104832190
104914710
106002742
106354017
106620890
107223805
107298948
107759319
107774991
108154632
108732083
109726188
110195637
110861102
111690845
113431790
113633461
113923893
114180157
114268610
114499341
116151612
116368625
116978861
118247585
118866900
118994144
119270372
119817369
120520391
120660206
121397656
121673370
121809320
121852856
122241762
123517216
123708202
123730321
123875327
124363150
124457019
126130937
130139760
130208171
131616238
131670296
132435743
132474531
132878812
133137693
133396821
133480390
133645892
133818148
133858005
133966538
134031108
134334227
134647353
135711606
135711805
136209557
136409715
137554211
138357086
138750220
138893637
138942381
139103299
140029253
140710367
141206818
141543303
141608787
141633851
141748272
141996612
142002861
142160305
142487466
142683703
143403259
143674720
144511525
144743178
144819304
145034403
145700339
145738066
146189749
146688496
146700224
147913265
149092591
150117708
150177727
150636675
151202580
151472990
151705813
151751861
151764533
151802408
151923872
152279602
152279659